Ransac Results
Base Inlier:  0.03854976204031013
Base Midlier:  0.11977903221724617
Base Outlier:  0.3087028626558374
5 0.025 Inlier:  0.050011097111663225
5 0.025 Inlier:  0.15047992307324742
5 0.025 Inlier:  0.32055389556449887
5 0.04 Inlier:  0.0407708837419211
5 0.04 Inlier:  0.1276826220512351
5 0.04 Inlier:  0.3112159413015141
5 0.075 Inlier:  0.037599896650154147
5 0.075 Inlier:  0.11465091581459219
5 0.075 Inlier:  0.30747544905429475
5 0.1 Inlier:  0.04017668999404034
5 0.1 Inlier:  0.12580076428382597
5 0.1 Inlier:  0.3105652924435721
5 0.2 Inlier:  0.0436844037407654
5 0.2 Inlier:  0.1357884219020762
5 0.2 Inlier:  0.3142882404250351
5 0.25 Inlier:  0.03812940910130892
5 0.25 Inlier:  0.11781429253695103
5 0.25 Inlier:  0.30818555712068196
7 0.025 Inlier:  0.05062793972286138
7 0.025 Inlier:  0.1517996500635436
7 0.025 Inlier:  0.3211407024621026
7 0.04 Inlier:  0.058632850567000475
7 0.04 Inlier:  0.16795617676330032
7 0.04 Inlier:  0.32829953018482694
7 0.075 Inlier:  0.03745095905794869
7 0.075 Inlier:  0.11341007442927631
7 0.075 Inlier:  0.3072463396075851
7 0.1 Inlier:  0.04019637695024433
7 0.1 Inlier:  0.12586500926424246
7 0.1 Inlier:  0.31058703437244306
7 0.2 Inlier:  0.04187813786282103
7 0.2 Inlier:  0.13093992099067728
7 0.2 Inlier:  0.31240314758790677
7 0.25 Inlier:  0.03860299771113592
7 0.25 Inlier:  0.12000911307003771
7 0.25 Inlier:  0.30876675554605015
10 0.025 Inlier:  0.058632850567000475
10 0.025 Inlier:  0.16795617676330032
10 0.025 Inlier:  0.32829953018482694
10 0.04 Inlier:  0.05452293370579745
10 0.04 Inlier:  0.15985123951522465
10 0.04 Inlier:  0.3247414592240755
10 0.075 Inlier:  0.03830399725358287
10 0.075 Inlier:  0.11866662805125135
10 0.075 Inlier:  0.308403539245372
10 0.1 Inlier:  0.0407708837419211
10 0.1 Inlier:  0.1276826220512351
10 0.1 Inlier:  0.3112159413015141
10 0.2 Inlier:  0.04135401261957168
10 0.2 Inlier:  0.12943241303869807
10 0.2 Inlier:  0.3118447680875307
10 0.25 Inlier:  0.04077357137998551
10 0.25 Inlier:  0.1276908884143547
10 0.25 Inlier:  0.31121886005226096
